0.000000000000000e+00	1.766284e-03
6.208595709136713e-09	1.906170e-03
1.241719141827343e-08	2.045788e-03
1.862578712741014e-08	2.185137e-03
2.483438283654685e-08	2.324217e-03
3.104297854568356e-08	2.463029e-03
3.725157425482028e-08	2.601571e-03
4.346016996395698e-08	2.739845e-03
6.042756557642031e-08	3.113222e-03
8.132049280548744e-08	3.562629e-03
1.078179300049916e-07	4.112610e-03
1.436805264064741e-07	4.817312e-03
1.897873906514232e-07	5.651261e-03
2.525401848921117e-07	6.653699e-03
3.390386844179817e-07	7.799097e-03
4.634127596668095e-07	9.065491e-03
5.893379550057092e-07	9.929052e-03
7.749930135783348e-07	1.059597e-02
1.000000000000000e-06	1.088750e-02
1.049753068437255e-06	9.923874e-03
1.099506136874511e-06	9.034565e-03
1.149259205311766e-06	8.219577e-03
1.199012273749021e-06	7.478910e-03
1.248765342186277e-06	6.812562e-03
1.298518410623532e-06	6.220536e-03
1.348271479060787e-06	5.702829e-03
1.486605065339988e-06	4.579907e-03
1.628824908103376e-06	3.751453e-03
1.749069275971996e-06	3.269677e-03
1.868961989449665e-06	2.940423e-03
2.004213876127537e-06	2.683417e-03
2.127703040938264e-06	2.522892e-03
2.246117419525870e-06	2.420041e-03
2.366354692016822e-06	2.352225e-03
2.509273037715573e-06	2.304141e-03
2.665506960874133e-06	2.278989e-03
2.849372970306165e-06	2.274393e-03
3.054903052914953e-06	2.290171e-03
3.303857855820650e-06	2.328457e-03
3.597463453790886e-06	2.391206e-03
3.972739333572732e-06	2.490877e-03
4.454256834772875e-06	2.644365e-03
5.156600354551364e-06	2.915292e-03
6.243334386630855e-06	3.449380e-03
8.342596000353310e-06	4.885043e-03
1.254111922779822e-05	9.300902e-03
2.093816568268804e-05	2.279618e-02
3.070379068268805e-05	4.536202e-02
4.046941568268805e-05	7.560781e-02
5.023504068268805e-05	1.132746e-01
6.000066568268805e-05	1.577229e-01
6.976629068268805e-05	2.082730e-01
7.953191568268805e-05	2.642251e-01
8.929754068268804e-05	3.248590e-01
9.906316568268804e-05	3.894401e-01
1.088287906826880e-04	4.572256e-01
1.185944156826880e-04	5.274705e-01
1.283600406826880e-04	5.994364e-01
1.381256656826880e-04	6.723964e-01
1.478912906826881e-04	7.456419e-01
1.576569156826881e-04	8.184886e-01
1.674225406826881e-04	8.902815e-01
1.771881656826881e-04	9.604000e-01
1.869537906826881e-04	1.028262e+00
1.967194156826881e-04	1.093329e+00
2.064850406826881e-04	1.155108e+00
2.162506656826881e-04	1.213153e+00
2.260162906826881e-04	1.267073e+00
2.357819156826881e-04	1.316526e+00
2.455475406826881e-04	1.361226e+00
2.553131656826881e-04	1.400940e+00
2.650787906826881e-04	1.435492e+00
2.748444156826881e-04	1.464757e+00
2.846100406826881e-04	1.488666e+00
2.943756656826882e-04	1.507200e+00
3.041412906826882e-04	1.520392e+00
3.139069156826882e-04	1.528320e+00
3.236725406826882e-04	1.531111e+00
3.334381656826882e-04	1.528931e+00
3.432037906826882e-04	1.521989e+00
3.529694156826882e-04	1.510526e+00
3.627350406826882e-04	1.494819e+00
3.725006656826882e-04	1.475172e+00
3.822662906826882e-04	1.451913e+00
3.920319156826882e-04	1.425392e+00
4.017975406826883e-04	1.395976e+00
4.115631656826883e-04	1.364044e+00
4.213287906826883e-04	1.329984e+00
4.310944156826883e-04	1.294190e+00
4.408600406826883e-04	1.257054e+00
4.506256656826883e-04	1.218970e+00
4.603912906826883e-04	1.180321e+00
4.701569156826883e-04	1.141486e+00
4.799225406826883e-04	1.102826e+00
4.896881656826883e-04	1.064691e+00
4.994537906826883e-04	1.027410e+00
5.092194156826883e-04	9.912948e-01
5.189850406826884e-04	9.566320e-01
5.287506656826884e-04	9.236856e-01
5.385162906826884e-04	8.926935e-01
5.482819156826884e-04	8.638672e-01
5.580475406826884e-04	8.373901e-01
5.678131656826884e-04	8.134173e-01
5.775787906826884e-04	7.920753e-01
5.873444156826884e-04	7.734615e-01
5.971100406826884e-04	7.576449e-01
6.068756656826884e-04	7.446659e-01
6.166412906826884e-04	7.345376e-01
6.264069156826885e-04	7.272462e-01
6.361725406826885e-04	7.227523e-01
6.459381656826885e-04	7.209923e-01
6.557037906826885e-04	7.218800e-01
6.654694156826885e-04	7.253076e-01
6.752350406826885e-04	7.311483e-01
6.850006656826885e-04	7.392578e-01
6.947662906826885e-04	7.494764e-01
7.045319156826885e-04	7.616307e-01
7.142975406826885e-04	7.755362e-01
7.240631656826885e-04	7.909994e-01
7.338287906826885e-04	8.078195e-01
7.435944156826886e-04	8.257907e-01
7.533600406826886e-04	8.447046e-01
7.631256656826886e-04	8.643517e-01
7.728912906826886e-04	8.845240e-01
7.826569156826886e-04	9.050161e-01
7.924225406826886e-04	9.256277e-01
8.021881656826886e-04	9.461646e-01
8.119537906826886e-04	9.664410e-01
8.217194156826886e-04	9.862801e-01
8.314850406826886e-04	1.005516e+00
8.412506656826886e-04	1.023994e+00
8.510162906826887e-04	1.041574e+00
8.607819156826887e-04	1.058127e+00
8.705475406826887e-04	1.073540e+00
8.803131656826887e-04	1.087714e+00
8.900787906826887e-04	1.100566e+00
8.998444156826887e-04	1.112026e+00
9.096100406826887e-04	1.122042e+00
9.193756656826887e-04	1.130576e+00
9.389069156826887e-04	1.143123e+00
9.486725406826887e-04	1.147133e+00
9.584381656826887e-04	1.149657e+00
9.682037906826888e-04	1.150727e+00
9.779694156826888e-04	1.150387e+00
9.877350406826888e-04	1.148695e+00
9.975006656826888e-04	1.145716e+00
1.007266290682689e-03	1.141526e+00
1.017031915682689e-03	1.136209e+00
1.026797540682689e-03	1.129857e+00
1.036563165682689e-03	1.122566e+00
1.046328790682689e-03	1.114440e+00
1.056094415682689e-03	1.105583e+00
1.065860040682689e-03	1.096106e+00
1.075625665682689e-03	1.086117e+00
1.085391290682689e-03	1.075730e+00
1.095156915682689e-03	1.065053e+00
1.104922540682689e-03	1.054196e+00
1.114688165682689e-03	1.043265e+00
1.124453790682689e-03	1.032364e+00
1.134219415682689e-03	1.021591e+00
1.143985040682689e-03	1.011041e+00
1.153750665682689e-03	1.000803e+00
1.163516290682689e-03	9.909585e-01
1.173281915682689e-03	9.815832e-01
1.183047540682689e-03	9.727460e-01
1.192813165682689e-03	9.645078e-01
1.202578790682689e-03	9.569217e-01
1.212344415682689e-03	9.500329e-01
1.222110040682689e-03	9.438788e-01
1.231875665682689e-03	9.384880e-01
1.241641290682689e-03	9.338816e-01
1.261172540682689e-03	9.270656e-01
1.270938165682689e-03	9.248585e-01
1.280703790682689e-03	9.234414e-01
1.290469415682689e-03	9.227977e-01
1.300235040682689e-03	9.229043e-01
1.310000665682689e-03	9.237319e-01
1.319766290682689e-03	9.252458e-01
1.329531915682689e-03	9.274065e-01
1.339297540682689e-03	9.301696e-01
1.349063165682689e-03	9.334873e-01
1.358828790682689e-03	9.373081e-01
1.368594415682689e-03	9.415780e-01
1.378360040682689e-03	9.462408e-01
1.388125665682689e-03	9.512390e-01
1.397891290682689e-03	9.565141e-01
1.407656915682689e-03	9.620070e-01
1.417422540682689e-03	9.676592e-01
1.427188165682689e-03	9.734126e-01
1.436953790682689e-03	9.792107e-01
1.446719415682689e-03	9.849983e-01
1.456485040682689e-03	9.907228e-01
1.466250665682689e-03	9.963339e-01
1.476016290682689e-03	1.001784e+00
1.485781915682689e-03	1.007030e+00
1.495547540682689e-03	1.012030e+00
1.505313165682689e-03	1.016748e+00
1.515078790682689e-03	1.021151e+00
1.524844415682689e-03	1.025211e+00
1.534610040682689e-03	1.028903e+00
1.544375665682689e-03	1.032206e+00
1.554141290682689e-03	1.035107e+00
1.563906915682689e-03	1.037591e+00
1.583438165682689e-03	1.041290e+00
1.593203790682689e-03	1.042503e+00
1.602969415682689e-03	1.043295e+00
1.612735040682689e-03	1.043676e+00
1.622500665682689e-03	1.043658e+00
1.632266290682689e-03	1.043255e+00
1.642031915682689e-03	1.042487e+00
1.651797540682689e-03	1.041373e+00
1.661563165682689e-03	1.039938e+00
1.671328790682689e-03	1.038205e+00
1.681094415682689e-03	1.036203e+00
1.690860040682689e-03	1.033960e+00
1.700625665682689e-03	1.031506e+00
1.710391290682689e-03	1.028871e+00
1.720156915682689e-03	1.026085e+00
1.729922540682689e-03	1.023182e+00
1.739688165682689e-03	1.020190e+00
1.749453790682689e-03	1.017142e+00
1.759219415682689e-03	1.014067e+00
1.768985040682689e-03	1.010995e+00
1.778750665682689e-03	1.007954e+00
1.788516290682689e-03	1.004971e+00
1.798281915682689e-03	1.002070e+00
1.808047540682690e-03	9.992757e-01
1.817813165682690e-03	9.966094e-01
1.827578790682690e-03	9.940910e-01
1.837344415682690e-03	9.917380e-01
1.847110040682690e-03	9.895658e-01
1.856875665682690e-03	9.875875e-01
1.866641290682690e-03	9.858141e-01
1.876406915682690e-03	9.842541e-01
1.886172540682690e-03	9.829140e-01
1.905703790682690e-03	9.809070e-01
1.915469415682690e-03	9.802417e-01
1.925235040682690e-03	9.797994e-01
1.935000665682690e-03	9.795760e-01
1.944766290682690e-03	9.795650e-01
1.954531915682690e-03	9.797587e-01
1.964297540682689e-03	9.801476e-01
1.974063165682689e-03	9.807208e-01
1.983828790682689e-03	9.814661e-01
1.993594415682689e-03	9.823702e-01
2.003360040682689e-03	9.834188e-01
2.013125665682688e-03	9.845968e-01
2.022891290682688e-03	9.858885e-01
2.032656915682688e-03	9.872779e-01
2.042422540682688e-03	9.887484e-01
2.052188165682688e-03	9.902834e-01
2.061953790682687e-03	9.918666e-01
2.071719415682687e-03	9.934813e-01
2.081485040682687e-03	9.951118e-01
2.091250665682687e-03	9.967424e-01
2.101016290682687e-03	9.983581e-01
2.110781915682686e-03	9.999445e-01
2.120547540682686e-03	1.001488e+00
2.130313165682686e-03	1.002977e+00
2.140078790682686e-03	1.004398e+00
2.149844415682685e-03	1.005743e+00
2.159610040682685e-03	1.007000e+00
2.169375665682685e-03	1.008162e+00
2.179141290682685e-03	1.009222e+00
2.188906915682685e-03	1.010174e+00
2.198672540682684e-03	1.011013e+00
2.208438165682684e-03	1.011735e+00
2.227969415682684e-03	1.012823e+00
2.247500665682683e-03	1.013434e+00
2.257266290682683e-03	1.013564e+00
2.267031915682683e-03	1.013581e+00
2.276797540682683e-03	1.013488e+00
2.286563165682683e-03	1.013292e+00
2.296328790682682e-03	1.012997e+00
2.306094415682682e-03	1.012611e+00
2.315860040682682e-03	1.012139e+00
2.325625665682682e-03	1.011590e+00
2.335391290682682e-03	1.010971e+00
2.345156915682681e-03	1.010292e+00
2.354922540682681e-03	1.009559e+00
2.364688165682681e-03	1.008783e+00
2.374453790682681e-03	1.007972e+00
2.384219415682680e-03	1.007134e+00
2.393985040682680e-03	1.006279e+00
2.403750665682680e-03	1.005414e+00
2.413516290682680e-03	1.004549e+00
2.423281915682680e-03	1.003691e+00
2.433047540682679e-03	1.002847e+00
2.442813165682679e-03	1.002026e+00
2.452578790682679e-03	1.001233e+00
2.462344415682679e-03	1.000475e+00
2.472110040682679e-03	9.997575e-01
2.481875665682678e-03	9.990858e-01
2.491641290682678e-03	9.984641e-01
2.501406915682678e-03	9.978963e-01
2.511172540682678e-03	9.973857e-01
2.520938165682678e-03	9.969347e-01
2.530703790682677e-03	9.965452e-01
2.550235040682677e-03	9.959553e-01
2.569766290682677e-03	9.956189e-01
2.579531915682676e-03	9.955440e-01
2.589297540682676e-03	9.955293e-01
2.599063165682676e-03	9.955727e-01
2.608828790682676e-03	9.956716e-01
2.618594415682675e-03	9.958229e-01
2.628360040682675e-03	9.960234e-01
2.638125665682675e-03	9.962693e-01
2.647891290682675e-03	9.965568e-01
2.657656915682675e-03	9.968814e-01
2.667422540682674e-03	9.972390e-01
2.677188165682674e-03	9.976250e-01
2.686953790682674e-03	9.980347e-01
2.696719415682674e-03	9.984635e-01
2.706485040682674e-03	9.989067e-01
2.716250665682673e-03	9.993598e-01
2.726016290682673e-03	9.998181e-01
2.735781915682673e-03	1.000277e+00
2.745547540682673e-03	1.000733e+00
2.755313165682673e-03	1.001182e+00
2.765078790682672e-03	1.001619e+00
2.774844415682672e-03	1.002041e+00
2.784610040682672e-03	1.002445e+00
2.794375665682672e-03	1.002828e+00
2.804141290682672e-03	1.003187e+00
2.813906915682671e-03	1.003519e+00
2.823672540682671e-03	1.003823e+00
2.833438165682671e-03	1.004097e+00
2.843203790682671e-03	1.004340e+00
2.862735040682670e-03	1.004726e+00
2.882266290682670e-03	1.004978e+00
2.892031915682670e-03	1.005054e+00
2.901797540682669e-03	1.005097e+00
2.911563165682669e-03	1.005108e+00
2.921328790682669e-03	1.005088e+00
2.931094415682669e-03	1.005038e+00
2.940860040682669e-03	1.004961e+00
2.950625665682668e-03	1.004857e+00
2.960391290682668e-03	1.004729e+00
2.970156915682668e-03	1.004578e+00
2.979922540682668e-03	1.004408e+00
2.989688165682668e-03	1.004220e+00
2.999453790682667e-03	1.004016e+00
3.009219415682667e-03	1.003800e+00
3.018985040682667e-03	1.003574e+00
3.028750665682667e-03	1.003339e+00
3.038516290682667e-03	1.003099e+00
3.048281915682666e-03	1.002856e+00
3.058047540682666e-03	1.002612e+00
3.067813165682666e-03	1.002370e+00
3.077578790682666e-03	1.002132e+00
3.087344415682665e-03	1.001899e+00
3.097110040682665e-03	1.001675e+00
3.106875665682665e-03	1.001459e+00
3.116641290682665e-03	1.001255e+00
3.126406915682665e-03	1.001063e+00
3.136172540682664e-03	1.000885e+00
3.145938165682664e-03	1.000723e+00
3.165469415682664e-03	1.000445e+00
3.185000665682663e-03	1.000237e+00
3.204531915682663e-03	1.000100e+00
3.224063165682663e-03	1.000033e+00
3.233828790682662e-03	1.000026e+00
3.243594415682662e-03	1.000035e+00
3.253360040682662e-03	1.000059e+00
3.263125665682662e-03	1.000099e+00
3.272891290682662e-03	1.000153e+00
3.282656915682661e-03	1.000220e+00
3.292422540682661e-03	1.000299e+00
3.302188165682661e-03	1.000388e+00
3.311953790682661e-03	1.000487e+00
3.321719415682660e-03	1.000594e+00
3.331485040682660e-03	1.000708e+00
3.341250665682660e-03	1.000828e+00
3.351016290682660e-03	1.000952e+00
3.360781915682660e-03	1.001079e+00
3.370547540682659e-03	1.001208e+00
3.380313165682659e-03	1.001337e+00
3.390078790682659e-03	1.001466e+00
3.399844415682659e-03	1.001592e+00
3.409610040682659e-03	1.001716e+00
3.419375665682658e-03	1.001836e+00
3.429141290682658e-03	1.001951e+00
3.438906915682658e-03	1.002059e+00
3.458438165682658e-03	1.002257e+00
3.477969415682657e-03	1.002423e+00
3.497500665682657e-03	1.002554e+00
3.517031915682656e-03	1.002648e+00
3.546328790682656e-03	1.002717e+00
3.565860040682655e-03	1.002718e+00
3.575625665682655e-03	1.002706e+00
3.585391290682655e-03	1.002685e+00
3.595156915682655e-03	1.002658e+00
3.604922540682654e-03	1.002623e+00
3.614688165682654e-03	1.002582e+00
3.624453790682654e-03	1.002535e+00
3.634219415682654e-03	1.002483e+00
3.643985040682654e-03	1.002426e+00
3.653750665682653e-03	1.002366e+00
3.663516290682653e-03	1.002303e+00
3.673281915682653e-03	1.002237e+00
3.683047540682653e-03	1.002170e+00
3.692813165682653e-03	1.002102e+00
3.702578790682652e-03	1.002033e+00
3.722110040682652e-03	1.001897e+00
3.741641290682652e-03	1.001768e+00
3.761172540682651e-03	1.001649e+00
3.780703790682651e-03	1.001543e+00
3.800235040682650e-03	1.001454e+00
3.819766290682650e-03	1.001384e+00
3.849063165682649e-03	1.001315e+00
3.878360040682649e-03	1.001292e+00
3.897891290682648e-03	1.001299e+00
3.917422540682648e-03	1.001324e+00
3.936953790682648e-03	1.001364e+00
3.956485040682647e-03	1.001416e+00
3.976016290682647e-03	1.001477e+00
3.995547540682647e-03	1.001545e+00
4.015078790682646e-03	1.001617e+00
4.034610040682646e-03	1.001690e+00
4.054141290682645e-03	1.001760e+00
4.073672540682645e-03	1.001827e+00
4.093203790682644e-03	1.001887e+00
4.122500665682644e-03	1.001962e+00
4.151797540682643e-03	1.002015e+00
4.164353344254071e-03	1.002030e+00
4.176909147825500e-03	1.002041e+00
4.189464951396928e-03	1.002048e+00
4.202020754968357e-03	1.002051e+00
4.214576558539785e-03	1.002049e+00
4.227132362111213e-03	1.002044e+00
4.239688165682641e-03	1.002034e+00
4.268985040682641e-03	1.002000e+00
4.298281915682640e-03	1.001954e+00
4.327578790682639e-03	1.001899e+00
4.356875665682639e-03	1.001841e+00
4.386172540682638e-03	1.001785e+00
4.415469415682638e-03	1.001736e+00
4.444766290682637e-03	1.001696e+00
4.461507362111208e-03	1.001678e+00
4.478248433539779e-03	1.001665e+00
4.494989504968351e-03	1.001655e+00
4.511730576396921e-03	1.001649e+00
4.528471647825492e-03	1.001648e+00
4.545212719254063e-03	1.001650e+00
4.561953790682634e-03	1.001656e+00
4.589855576396919e-03	1.001678e+00
4.617757362111205e-03	1.001701e+00
4.645659147825490e-03	1.001725e+00
4.673560933539775e-03	1.001750e+00
4.701462719254060e-03	1.001775e+00
4.729364504968346e-03	1.001802e+00
4.757266290682630e-03	1.001829e+00
4.776797540682630e-03	1.001841e+00
4.796328790682629e-03	1.001850e+00
4.815860040682629e-03	1.001857e+00
4.835391290682629e-03	1.001861e+00
4.854922540682628e-03	1.001862e+00
4.874453790682628e-03	1.001860e+00
4.893985040682627e-03	1.001855e+00
4.909130034870824e-03	1.001849e+00
4.924275029059020e-03	1.001843e+00
4.939420023247216e-03	1.001837e+00
4.954565017435412e-03	1.001829e+00
4.969710011623608e-03	1.001822e+00
4.984855005811804e-03	1.001813e+00
5.000000000000000e-03	1.001804e+00
5.000017222342040e-03	1.001602e+00
5.000051667026121e-03	1.001210e+00
5.000109319522146e-03	1.000586e+00
5.000142353795094e-03	1.000258e+00
5.000185429812953e-03	9.998791e-01
5.000235545429878e-03	9.995030e-01
5.000324099926463e-03	9.989814e-01
5.000445055369255e-03	9.984877e-01
5.000621072247267e-03	9.980766e-01
5.000832249905804e-03	9.978521e-01
5.000999999999999e-03	9.977914e-01
5.001057992852664e-03	9.983656e-01
5.001135316656216e-03	9.990674e-01
5.001188543605359e-03	9.994873e-01
5.001265600234630e-03	9.999861e-01
5.001339660180016e-03	1.000353e+00
5.001487780070789e-03	1.000881e+00
5.001576796275943e-03	1.001105e+00
5.001660054915059e-03	1.001243e+00
5.001754488357851e-03	1.001354e+00
5.001859970385699e-03	1.001439e+00
5.001965488536755e-03	1.001493e+00
5.002090670093108e-03	1.001529e+00
5.002390548695711e-03	1.001549e+00
5.003082906061343e-03	1.001450e+00
5.007409133779632e-03	9.990191e-01
5.011735361497923e-03	9.949707e-01
5.016061589216212e-03	9.893050e-01
5.020387816934502e-03	9.820221e-01
5.024714044652791e-03	9.731218e-01
5.029040272371082e-03	9.626043e-01
5.033366500089371e-03	9.504695e-01
5.043132125089371e-03	9.180695e-01
5.052897750089371e-03	8.784797e-01
5.062663375089370e-03	8.323393e-01
5.072429000089370e-03	7.803245e-01
5.082194625089370e-03	7.231384e-01
5.091960250089370e-03	6.614959e-01
5.101725875089370e-03	5.961053e-01
5.111491500089369e-03	5.276767e-01
5.121257125089369e-03	4.569462e-01
5.131022750089369e-03	3.846660e-01
5.140788375089369e-03	3.115720e-01
5.150554000089369e-03	2.383720e-01
5.160319625089368e-03	1.657452e-01
5.170085250089368e-03	9.433840e-02
5.179850875089368e-03	2.476276e-02
5.189616500089368e-03	-4.241013e-02
5.199382125089367e-03	-1.066529e-01
5.209147750089367e-03	-1.674848e-01
5.218913375089367e-03	-2.244749e-01
5.228679000089367e-03	-2.772435e-01
5.238444625089367e-03	-3.254643e-01
5.248210250089366e-03	-3.688651e-01
5.257975875089366e-03	-4.072282e-01
5.267741500089366e-03	-4.403907e-01
5.277507125089366e-03	-4.682434e-01
5.287272750089366e-03	-4.907304e-01
5.297038375089365e-03	-5.078470e-01
5.306804000089365e-03	-5.196382e-01
5.316569625089365e-03	-5.261965e-01
5.326335250089365e-03	-5.276590e-01
5.336100875089365e-03	-5.242046e-01
5.345866500089364e-03	-5.160508e-01
5.355632125089364e-03	-5.034502e-01
5.365397750089364e-03	-4.866869e-01
5.375163375089364e-03	-4.660726e-01
5.384929000089364e-03	-4.419420e-01
5.394694625089363e-03	-4.146489e-01
5.404460250089363e-03	-3.845612e-01
5.414225875089363e-03	-3.520563e-01
5.423991500089363e-03	-3.175184e-01
5.433757125089362e-03	-2.813366e-01
5.443522750089362e-03	-2.439030e-01
5.453288375089362e-03	-2.056094e-01
5.463054000089362e-03	-1.668416e-01
5.472819625089362e-03	-1.279756e-01
5.482585250089361e-03	-8.937359e-02
5.492350875089361e-03	-5.138142e-02
5.502116500089361e-03	-1.432600e-02
5.511882125089361e-03	2.148679e-02
5.521647750089361e-03	5.577416e-02
5.531413375089360e-03	8.827805e-02
5.541179000089360e-03	1.187666e-01
5.550944625089360e-03	1.470351e-01
5.560710250089360e-03	1.729073e-01
5.570475875089360e-03	1.962354e-01
5.580241500089359e-03	2.169006e-01
5.590007125089359e-03	2.348132e-01
5.599772750089359e-03	2.499121e-01
5.609538375089359e-03	2.621645e-01
5.619304000089359e-03	2.715650e-01
5.629069625089358e-03	2.781346e-01
5.638835250089358e-03	2.819194e-01
5.648600875089358e-03	2.829897e-01
5.658366500089358e-03	2.814379e-01
5.668132125089357e-03	2.773769e-01
5.677897750089357e-03	2.709385e-01
5.687663375089357e-03	2.622711e-01
5.697429000089357e-03	2.515382e-01
5.707194625089357e-03	2.389154e-01
5.716960250089356e-03	2.245892e-01
5.726725875089356e-03	2.087545e-01
5.736491500089356e-03	1.916123e-01
5.746257125089356e-03	1.733685e-01
5.756022750089356e-03	1.542313e-01
5.765788375089355e-03	1.344095e-01
5.775554000089355e-03	1.141108e-01
5.785319625089355e-03	9.353977e-02
5.795085250089355e-03	7.289565e-02
5.804850875089355e-03	5.237116e-02
5.814616500089354e-03	3.215064e-02
5.824382125089354e-03	1.240872e-02
5.834147750089354e-03	-6.690985e-03
5.843913375089354e-03	-2.499691e-02
5.853679000089354e-03	-4.237051e-02
5.863444625089353e-03	-5.868707e-02
5.873210250089353e-03	-7.383627e-02
5.882975875089353e-03	-8.772270e-02
5.892741500089353e-03	-1.002662e-01
5.902507125089352e-03	-1.114019e-01
5.912272750089352e-03	-1.210803e-01
5.922038375089352e-03	-1.292674e-01
5.931804000089352e-03	-1.359439e-01
5.941569625089352e-03	-1.411052e-01
5.951335250089351e-03	-1.447609e-01
5.961100875089351e-03	-1.469340e-01
5.970866500089351e-03	-1.476601e-01
5.980632125089351e-03	-1.469869e-01
5.990397750089351e-03	-1.449731e-01
6.000163375089350e-03	-1.416875e-01
6.009929000089350e-03	-1.372080e-01
6.019694625089350e-03	-1.316202e-01
6.029460250089350e-03	-1.250171e-01
6.039225875089350e-03	-1.174972e-01
6.048991500089349e-03	-1.091637e-01
6.058757125089349e-03	-1.001237e-01
6.068522750089349e-03	-9.048648e-02
6.078288375089349e-03	-8.036285e-02
6.088054000089349e-03	-6.986398e-02
6.097819625089348e-03	-5.910033e-02
6.107585250089348e-03	-4.818068e-02
6.117350875089348e-03	-3.721122e-02
6.127116500089348e-03	-2.629459e-02
6.136882125089347e-03	-1.552914e-02
6.146647750089347e-03	-5.008130e-03
6.156413375089347e-03	5.180903e-03
6.166179000089347e-03	1.495677e-02
6.175944625089347e-03	2.424513e-02
6.185710250089346e-03	3.297891e-02
6.195475875089346e-03	4.109865e-02
6.205241500089346e-03	4.855278e-02
6.215007125089346e-03	5.529777e-02
6.224772750089346e-03	6.129826e-02
6.234538375089345e-03	6.652705e-02
6.244304000089345e-03	7.096507e-02
6.254069625089345e-03	7.460119e-02
6.263835250089345e-03	7.743210e-02
6.273600875089345e-03	7.946199e-02
6.283366500089344e-03	8.070228e-02
6.293132125089344e-03	8.117115e-02
6.302897750089344e-03	8.089323e-02
6.312663375089344e-03	7.989905e-02
6.322429000089344e-03	7.822460e-02
6.332194625089343e-03	7.591072e-02
6.341960250089343e-03	7.300261e-02
6.351725875089343e-03	6.954925e-02
6.361491500089343e-03	6.560273e-02
6.371257125089342e-03	6.121779e-02
6.381022750089342e-03	5.645109e-02
6.390788375089342e-03	5.136070e-02
6.400554000089342e-03	4.600549e-02
6.410319625089342e-03	4.044456e-02
6.420085250089341e-03	3.473668e-02
6.429850875089341e-03	2.893978e-02
6.439616500089341e-03	2.311044e-02
6.449382125089341e-03	1.730343e-02
6.459147750089341e-03	1.157124e-02
6.468913375089340e-03	5.963736e-03
6.478679000089340e-03	5.277524e-04
6.488444625089340e-03	-4.693199e-03
6.498210250089340e-03	-9.659217e-03
6.507975875089340e-03	-1.433423e-02
6.517741500089339e-03	-1.868621e-02
6.527507125089339e-03	-2.268728e-02
6.537272750089339e-03	-2.631384e-02
6.547038375089339e-03	-2.954661e-02
6.556804000089339e-03	-3.237066e-02
6.566569625089338e-03	-3.477537e-02
6.576335250089338e-03	-3.675436e-02
6.586100875089338e-03	-3.830542e-02
6.595866500089338e-03	-3.943033e-02
6.605632125089337e-03	-4.013472e-02
6.615397750089337e-03	-4.042790e-02
6.625163375089337e-03	-4.032257e-02
6.634929000089337e-03	-3.983464e-02
6.644694625089337e-03	-3.898291e-02
6.654460250089336e-03	-3.778883e-02
6.664225875089336e-03	-3.627620e-02
6.673991500089336e-03	-3.447084e-02
6.683757125089336e-03	-3.240030e-02
6.693522750089336e-03	-3.009352e-02
6.703288375089335e-03	-2.758055e-02
6.713054000089335e-03	-2.489217e-02
6.722819625089335e-03	-2.205966e-02
6.732585250089335e-03	-1.911442e-02
6.742350875089335e-03	-1.608774e-02
6.752116500089334e-03	-1.301045e-02
6.761882125089334e-03	-9.912724e-03
6.771647750089334e-03	-6.823773e-03
6.781413375089334e-03	-3.771643e-03
6.791179000089334e-03	-7.829873e-04
6.800944625089333e-03	2.117120e-03
6.810710250089333e-03	4.905359e-03
6.820475875089333e-03	7.560310e-03
6.830241500089333e-03	1.006258e-02
6.840007125089333e-03	1.239491e-02
6.849772750089332e-03	1.454224e-02
6.859538375089332e-03	1.649179e-02
6.869304000089332e-03	1.823304e-02
6.879069625089332e-03	1.975782e-02
6.888835250089331e-03	2.106024e-02
6.898600875089331e-03	2.213665e-02
6.908366500089331e-03	2.298564e-02
6.918132125089331e-03	2.360794e-02
6.927897750089331e-03	2.400632e-02
6.937663375089330e-03	2.418552e-02
6.947429000089330e-03	2.415209e-02
6.957194625089330e-03	2.391431e-02
6.966960250089330e-03	2.348202e-02
6.976725875089330e-03	2.286648e-02
6.986491500089329e-03	2.208020e-02
6.996257125089329e-03	2.113681e-02
7.006022750089329e-03	2.005085e-02
7.015788375089329e-03	1.883763e-02
7.025554000089329e-03	1.751308e-02
7.035319625089328e-03	1.609352e-02
7.045085250089328e-03	1.459554e-02
7.054850875089328e-03	1.303586e-02
7.064616500089328e-03	1.143109e-02
7.074382125089328e-03	9.797675e-03
7.084147750089327e-03	8.151685e-03
7.093913375089327e-03	6.508710e-03
7.103679000089327e-03	4.883726e-03
7.113444625089327e-03	3.290985e-03
7.123210250089326e-03	1.743908e-03
7.132975875089326e-03	2.549926e-04
7.142741500089326e-03	-1.164264e-03
7.152507125089326e-03	-2.503436e-03
7.162272750089326e-03	-3.753224e-03
7.172038375089325e-03	-4.905498e-03
7.181804000089325e-03	-5.953327e-03
7.191569625089325e-03	-6.891001e-03
7.201335250089325e-03	-7.714033e-03
7.211100875089325e-03	-8.419161e-03
7.220866500089324e-03	-9.004324e-03
7.230632125089324e-03	-9.468642e-03
7.240397750089324e-03	-9.812377e-03
7.250163375089324e-03	-1.003689e-02
7.259929000089324e-03	-1.014459e-02
7.269694625089323e-03	-1.013885e-02
7.279460250089323e-03	-1.002399e-02
7.289225875089323e-03	-9.805144e-03
7.298991500089323e-03	-9.488217e-03
7.308757125089323e-03	-9.079794e-03
7.318522750089322e-03	-8.587057e-03
7.328288375089322e-03	-8.017686e-03
7.338054000089322e-03	-7.379784e-03
7.347819625089322e-03	-6.681777e-03
7.357585250089321e-03	-5.932326e-03
7.367350875089321e-03	-5.140243e-03
7.377116500089321e-03	-4.314400e-03
7.386882125089321e-03	-3.463645e-03
7.396647750089321e-03	-2.596727e-03
7.406413375089320e-03	-1.722213e-03
7.416179000089320e-03	-8.484189e-04
7.425944625089320e-03	1.665567e-05
7.435710250089320e-03	8.653924e-04
7.445475875089320e-03	1.690608e-03
7.455241500089319e-03	2.485604e-03
7.465007125089319e-03	3.244212e-03
7.474772750089319e-03	3.960826e-03
7.484538375089319e-03	4.630439e-03
7.494304000089319e-03	5.248660e-03
7.504069625089318e-03	5.811738e-03
7.513835250089318e-03	6.316565e-03
7.523600875089318e-03	6.760688e-03
7.533366500089318e-03	7.142302e-03
7.543132125089318e-03	7.460244e-03
7.552897750089317e-03	7.713978e-03
7.562663375089317e-03	7.903580e-03
7.572429000089317e-03	8.029711e-03
7.582194625089317e-03	8.093588e-03
7.591960250089316e-03	8.096960e-03
7.601725875089316e-03	8.042062e-03
7.611491500089316e-03	7.931580e-03
7.621257125089316e-03	7.768611e-03
7.631022750089316e-03	7.556618e-03
7.640788375089315e-03	7.299386e-03
7.650554000089315e-03	7.000971e-03
7.660319625089315e-03	6.665656e-03
7.670085250089315e-03	6.297905e-03
7.679850875089315e-03	5.902310e-03
7.689616500089314e-03	5.483546e-03
7.699382125089314e-03	5.046329e-03
7.709147750089314e-03	4.595365e-03
7.718913375089314e-03	4.135312e-03
7.728679000089314e-03	3.670734e-03
7.738444625089313e-03	3.206069e-03
7.748210250089313e-03	2.745587e-03
7.757975875089313e-03	2.293361e-03
7.767741500089313e-03	1.853236e-03
7.777507125089313e-03	1.428800e-03
7.787272750089312e-03	1.023363e-03
7.797038375089312e-03	6.399389e-04
7.806804000089312e-03	2.812234e-04
7.816569625089313e-03	-5.041441e-05
7.826335250089312e-03	-3.529428e-04
7.836100875089312e-03	-6.246736e-04
7.845866500089312e-03	-8.642650e-04
7.855632125089312e-03	-1.070720e-03
7.865397750089312e-03	-1.243385e-03
7.875163375089311e-03	-1.381939e-03
7.884929000089311e-03	-1.486387e-03
7.894694625089311e-03	-1.557048e-03
7.904460250089311e-03	-1.594538e-03
7.914225875089310e-03	-1.599756e-03
7.923991500089310e-03	-1.573864e-03
7.933757125089310e-03	-1.518263e-03
7.943522750089310e-03	-1.434578e-03
7.953288375089310e-03	-1.324630e-03
7.963054000089309e-03	-1.190412e-03
7.972819625089309e-03	-1.034066e-03
7.982585250089309e-03	-8.578569e-04
7.992350875089309e-03	-6.641475e-04
8.002116500089309e-03	-4.553724e-04
8.011882125089308e-03	-2.340134e-04
8.021647750089308e-03	-2.575173e-06
8.031413375089308e-03	2.364392e-04
8.041179000089308e-03	4.805505e-04
8.050944625089308e-03	7.273259e-04
8.060710250089307e-03	9.743989e-04
8.070475875089307e-03	1.219489e-03
8.080241500089307e-03	1.460420e-03
8.090007125089307e-03	1.695134e-03
8.099772750089307e-03	1.921709e-03
8.109538375089306e-03	2.138369e-03
8.119304000089306e-03	2.343494e-03
8.129069625089306e-03	2.535634e-03
8.138835250089306e-03	2.713509e-03
8.148600875089305e-03	2.876022e-03
8.158366500089305e-03	3.022253e-03
8.177897750089305e-03	3.263126e-03
8.197429000089304e-03	3.432455e-03
8.216960250089304e-03	3.529409e-03
8.226725875089304e-03	3.551222e-03
8.236491500089304e-03	3.555823e-03
8.246257125089303e-03	3.543817e-03
8.256022750089303e-03	3.515933e-03
8.265788375089303e-03	3.473025e-03
8.275554000089303e-03	3.416049e-03
8.285319625089303e-03	3.346054e-03
8.295085250089302e-03	3.264172e-03
8.304850875089302e-03	3.171601e-03
8.314616500089302e-03	3.069590e-03
8.324382125089302e-03	2.959430e-03
8.334147750089302e-03	2.842438e-03
8.343913375089301e-03	2.719945e-03
8.353679000089301e-03	2.593282e-03
8.363444625089301e-03	2.463769e-03
8.373210250089301e-03	2.332701e-03
8.382975875089300e-03	2.201341e-03
8.392741500089300e-03	2.070906e-03
8.402507125089300e-03	1.942559e-03
8.412272750089300e-03	1.817402e-03
8.422038375089300e-03	1.696464e-03
8.431804000089299e-03	1.580698e-03
8.441569625089299e-03	1.470973e-03
8.451335250089299e-03	1.368071e-03
8.461100875089299e-03	1.272681e-03
8.470866500089299e-03	1.185398e-03
8.480632125089298e-03	1.106720e-03
8.490397750089298e-03	1.037048e-03
8.500163375089298e-03	9.766830e-04
8.509929000089298e-03	9.258317e-04
8.519694625089298e-03	8.846046e-04
8.529460250089297e-03	8.530198e-04
8.539225875089297e-03	8.310062e-04
8.548991500089297e-03	8.184073e-04
8.558757125089297e-03	8.149862e-04
8.568522750089297e-03	8.204305e-04
8.578288375089296e-03	8.343582e-04
8.588054000089296e-03	8.563234e-04
8.597819625089296e-03	8.858233e-04
8.607585250089296e-03	9.223048e-04
8.617350875089295e-03	9.651711e-04
8.627116500089295e-03	1.013790e-03
8.636882125089295e-03	1.067498e-03
8.646647750089295e-03	1.125612e-03
8.656413375089295e-03	1.187434e-03
8.666179000089294e-03	1.252256e-03
8.675944625089294e-03	1.319371e-03
8.685710250089294e-03	1.388076e-03
8.695475875089294e-03	1.457681e-03
8.705241500089294e-03	1.527513e-03
8.724772750089293e-03	1.665286e-03
8.744304000089293e-03	1.796563e-03
8.763835250089292e-03	1.917099e-03
8.783366500089292e-03	2.023349e-03
8.802897750089292e-03	2.112541e-03
8.822429000089291e-03	2.182723e-03
8.851725875089290e-03	2.250108e-03
8.881022750089290e-03	2.271926e-03
8.900554000089289e-03	2.262608e-03
8.920085250089289e-03	2.236123e-03
8.939616500089289e-03	2.194688e-03
8.959147750089288e-03	2.140891e-03
8.978679000089288e-03	2.077577e-03
8.998210250089287e-03	2.007721e-03
9.017741500089287e-03	1.934318e-03
9.037272750089287e-03	1.860267e-03
9.056804000089286e-03	1.788281e-03
9.076335250089286e-03	1.720797e-03
9.095866500089285e-03	1.659909e-03
9.125163375089285e-03	1.584562e-03
9.154460250089284e-03	1.531746e-03
9.173991500089284e-03	1.509999e-03
9.187942392946426e-03	1.501957e-03
9.201893285803569e-03	1.498529e-03
9.215844178660712e-03	1.499716e-03
9.229795071517853e-03	1.505519e-03
9.243745964374996e-03	1.515936e-03
9.257696857232139e-03	1.530968e-03
9.271647750089282e-03	1.550615e-03
9.300944625089281e-03	1.598910e-03
9.330241500089280e-03	1.655218e-03
9.359538375089280e-03	1.714219e-03
9.388835250089279e-03	1.770952e-03
9.418132125089278e-03	1.821176e-03
9.447429000089278e-03	1.861622e-03
9.464170071517848e-03	1.879290e-03
9.480911142946420e-03	1.892897e-03
9.497652214374991e-03	1.902444e-03
9.514393285803563e-03	1.907931e-03
9.531134357232133e-03	1.909358e-03
9.547875428660705e-03	1.906725e-03
9.564616500089275e-03	1.900032e-03
9.591123196517845e-03	1.878840e-03
9.617629892946417e-03	1.856621e-03
9.644136589374987e-03	1.833374e-03
9.670643285803559e-03	1.809100e-03
9.697149982232129e-03	1.783798e-03
9.723656678660701e-03	1.757468e-03
9.750163375089271e-03	1.730112e-03
9.769694625089271e-03	1.716259e-03
9.789225875089271e-03	1.705349e-03
9.808757125089270e-03	1.697381e-03
9.828288375089270e-03	1.692356e-03
9.847819625089269e-03	1.690273e-03
9.867350875089269e-03	1.691133e-03
9.886882125089268e-03	1.694935e-03
9.900833017946411e-03	1.699318e-03
9.914783910803554e-03	1.704350e-03
9.928734803660697e-03	1.710032e-03
9.942685696517838e-03	1.716363e-03
9.956636589374981e-03	1.723342e-03
9.970587482232124e-03	1.730971e-03
9.984538375089266e-03	1.739249e-03
9.994304000089266e-03	1.744823e-03
1.000000000000000e-02	1.748079e-03
